checkpoints/train_final_2023-12-01_04:10:49.900300
checkpoints/train_final_2023-12-01_10:02:33.688414
checkpoints/train_final_2023-12-01_16:00:14.106552
checkpoints/train_final_2023-11-30_18:38:13.038836
